Webots Project File version R2022b
perspectives: 000000ff00000000fd00000002000000010000011c000004fdfc0200000001fb0000001400540065007800740045006400690074006f00720000000015000004fd0000003f00ffffff000000030000077800000039fc0100000001fb0000001a0043006f006e0073006f006c00650041006c006c0041006c006c0100000000000007780000006900ffffff000007780000036b00000001000000020000000100000008fc00000000
simulationViewPerspectives: 000000ff000000010000000200000100000007e20100000002010000000100
sceneTreePerspectives: 000000ff00000001000000030000001f000000c0000000fa0100000002010000000200
minimizedPerspectives: 000000ff00000000fd00000002000000010000011c000003d6fc0200000001fb0000001400540065007800740045006400690074006f00720000000015000003d60000004100ffffff0000000300000a00000001ecfc0100000001fb0000001a0043006f006e0073006f006c00650041006c006c0041006c006c010000000000000a00000000000000000000000a000000053800000001000000020000000100000008fc00000000
maximizedDockId: -1
centralWidgetVisible: 1
orthographicViewHeight: 1
textFiles: -1
consoles: Console:All:All
renderingDevicePerspectives: Summit-XL Steel:depth_camera;0;0.833211;0.640871;0
renderingDevicePerspectives: Summit-XL Steel:rgb_camera;0;0.542188;0;0
